#' Advent of Code 2021 solutions
#' @export
aoc_solutions <- list(
  day01a = 1298,
  day01b = 1248,
  day02a = 2187380,
  day02b = 2086357770,
  day03a = 2003336,
  day03b = 1877139,
  day04a = 10374,
  day04b = 24742,
  day05a = 6225,
  day05b = 22116,
  day06a = 345387,
  day06b = 1574445493136,
  day07a = 340987,
  day07b = 96987874,
  day08a = NA,
  day08b = NA,
  day09a = NA,
  day09b = NA,
  day10a = NA,
  day10b = NA,
  day11a = NA,
  day11b = NA,
  day12a = NA,
  day12b = NA,
  day13a = NA,
  day13b = NA,
  day14a = NA,
  day14b = NA,
  day15a = NA,
  day15b = NA,
  day16a = NA,
  day16b = NA,
  day17a = NA,
  day17b = NA,
  day18a = NA,
  day18b = NA,
  day19a = NA,
  day19b = NA,
  day20a = NA,
  day20b = NA,
  day21a = NA,
  day21b = NA,
  day22a = NA,
  day22b = NA,
  day23a = NA,
  day23b = NA,
  day24a = NA,
  day24b = NA,
  day25a = NA,
  day25b = NA
)
